46 4c 41 53 48 44 52 49 56 45 20 08 00 00 00 00 
00 00 00 00 00 00 f2 94 e1 4a 00 00 00 00 00 00 
e5 56 20 20 20 20 20 20 41 56 49 20 18 ad f7 94 
e1 4a fa 4a 00 00 59 91 e1 4a 03 00 00 10 bc 8b 
e5 44 00 2e 00 41 00 43 00 33 00 0f 00 44 2e 00 
2d 00 48 00 51 00 43 00 4c 00 00 00 55 00 42 00 
e5 52 00 55 00 53 00 2e 00 42 00 0f 00 44 44 00 
52 00 69 00 70 00 2e 00 58 00 00 00 76 00 69 00 
e5 2e 00 6f 00 74 00 64 00 79 00 0f 00 44 68 00 
65 00 2e 00 32 00 30 00 30 00 00 00 37 00 2e 00 
e5 4d 00 69 00 73 00 74 00 65 00 0f 00 44 72 00 
2e 00 42 00 69 00 6e 00 2e 00 00 00 6e 00 61 00 
e5 49 53 54 45 52 7e 31 2d 48 51 10 00 8f ae 89 
f6 4a f6 4a 00 00 89 89 f6 4a e4 5d 00 20 00 00 
e5 1d 04 3e 04 32 04 30 04 4f 04 0f 00 ea 20 00 
3f 04 30 04 3f 04 3a 04 30 04 00 00 00 00 ff ff 
e5 8e 82 80 9f 8f 7e 31 20 20 20 10 00 2b 66 84 
fa 4a fa 4a 09 00 67 84 fa 4a 02 00 00 00 00 00 
e5 48 4f 54 4f 20 20 20 20 20 20 10 08 2b 66 84 
fa 4a fa 4a 00 00 67 84 fa 4a 02 00 00 20 00 00 
e5 1d 04 3e 04 32 04 30 04 4f 04 0f 00 ea 20 00 
3f 04 30 04 3f 04 3a 04 30 04 00 00 00 00 ff ff 
e5 8e 82 80 9f 8f 7e 31 20 20 20 10 00 7e b7 85 
fa 4a fa 4a 00 00 b8 85 fa 4a 03 00 00 00 00 00 
e5 48 4f 54 4f 20 20 20 20 20 20 10 08 7e b7 85 
fa 4a fa 4a 00 00 b8 85 fa 4a 03 00 00 20 00 00 
42 20 00 49 00 6e 00 66 00 6f 00 0f 00 72 72 00 
6d 00 61 00 74 00 69 00 6f 00 00 00 6e 00 00 00 
01 53 00 79 00 73 00 74 00 65 00 0f 00 72 6d 00 
20 00 56 00 6f 00 6c 00 75 00 00 00 6d 00 65 00 
53 59 53 54 45 4d 7e 31 20 20 20 16 00 98 50 9c 
fa 4a fa 4a 01 00 51 9c fa 4a a2 7c 00 00 00 00 
e5 41 00 52 00 41 00 2e 00 61 00 0f 00 84 76 00 
69 00 00 00 ff ff ff ff ff ff 00 00 ff ff ff ff 
e5 70 00 2e 00 32 00 31 00 4f 00 0f 00 84 4f 00 
4d 00 42 00 5f 00 4b 00 4f 00 00 00 53 00 48 00 
e5 32 00 30 00 31 00 37 00 2e 00 0f 00 84 50 00 
2e 00 48 00 44 00 54 00 56 00 00 00 52 00 69 00 
e5 57 00 6f 00 6e 00 64 00 65 00 0f 00 84 72 00 
2e 00 57 00 6f 00 6d 00 61 00 00 00 6e 00 2e 00 
e5 4f 4e 44 45 52 7e 31 41 56 49 20 00 1c c8 ae 
fb 4a fc 4a 00 00 cd ad fb 4a a5 7c 00 e8 64 83 
e5 4e 56 20 20 20 20 20 20 20 20 10 00 8f 92 92 
fc 4a fc 4a 00 00 10 79 3e 4a 03 00 00 20 00 00 
e5 18 04 37 04 3e 04 31 04 40 04 0f 00 d8 30 04 
36 04 35 04 3d 04 38 04 4f 04 00 00 00 00 ff ff 
e5 87 8e 81 90 80 7e 31 20 20 20 10 00 46 00 95 
fc 4a fc 4a 00 00 01 95 fc 4a 02 00 00 20 00 00 
41 18 04 37 04 3e 04 31 04 40 04 0f 00 d8 30 04 
36 04 35 04 3d 04 38 04 4f 04 00 00 00 00 ff ff 
88 87 8e 81 90 80 7e 31 20 20 20 10 00 00 9c 98 
fc 4a cd 4c 0c 00 9d 98 fc 4a 02 00 00 00 00 00 
e5 3e 04 3a 04 42 04 4f 04 31 04 0f 00 32 40 04 
4c 04 20 00 32 00 30 00 31 00 00 00 36 00 00 00 
e5 8a 92 9f 81 90 7e 31 20 20 20 10 00 91 ca 9a 
fc 4a fc 4a 00 00 11 63 4c 49 39 37 00 20 00 00 
e5 1c 04 43 04 37 04 4b 04 3a 04 0f 00 14 30 04 
00 00 ff ff ff ff ff ff ff ff 00 00 ff ff ff ff 
e5 93 87 9b 8a 80 20 20 20 20 20 10 00 66 50 a0 
fc 4a fc 4a 00 00 51 a0 fc 4a 66 b0 00 20 00 00 
e5 2e 00 7a 00 69 00 70 00 00 00 0f 00 5f ff ff 
ff ff ff ff ff ff ff ff ff ff 00 00 ff ff ff ff 
e5 41 00 64 00 69 00 50 00 4e 00 0f 00 5f 56 00 
53 00 65 00 74 00 75 00 70 00 00 00 36 00 34 00 
e5 44 49 50 4e 56 7e 31 5a 49 50 20 00 7b 82 75 
fd 4a 4a 4c 00 00 ac 92 fc 4a 02 00 9e c9 07 05 
e5 39 00 61 00 31 00 34 00 66 00 0f 00 19 39 00 
31 00 35 00 30 00 62 00 00 00 00 00 ff ff ff ff 
e5 2d 00 34 00 66 00 64 00 64 00 0f 00 19 2d 00 
62 00 61 00 66 00 30 00 2d 00 00 00 63 00 65 00 
e5 38 00 61 00 62 00 62 00 39 00 0f 00 19 33 00 
61 00 36 00 2d 00 62 00 38 00 00 00 33 00 61 00 
e5 41 42 42 39 33 7e 31 20 20 20 10 00 70 3d 76 
fd 4a fd 4a 00 00 40 76 fd 4a 41 28 00 20 00 00 
e5 66 00 38 00 31 00 66 00 30 00 0f 00 78 33 00 
30 00 62 00 32 00 63 00 00 00 00 00 ff ff ff ff 
e5 2d 00 34 00 33 00 38 00 62 00 0f 00 78 2d 00 
61 00 34 00 35 00 61 00 2d 00 00 00 63 00 61 00 
e5 61 00 34 00 64 00 30 00 65 00 0f 00 78 66 00 
35 00 33 00 2d 00 39 00 61 00 00 00 37 00 34 00 
e5 34 44 30 45 46 7e 31 20 20 20 10 00 92 62 77 
fd 4a fd 4a 00 00 63 77 fd 4a 41 28 00 20 00 00 
e5 63 00 61 00 61 00 30 00 32 00 0f 00 2a 62 00 
65 00 35 00 65 00 66 00 00 00 00 00 ff ff ff ff 
e5 2d 00 34 00 33 00 34 00 36 00 0f 00 2a 2d 00 
38 00 63 00 65 00 31 00 2d 00 00 00 34 00 34 00 
e5 32 00 64 00 34 00 63 00 38 00 0f 00 2a 63 00 
33 00 39 00 2d 00 65 00 65 00 00 00 63 00 38 00 
e5 44 34 43 38 43 7e 31 20 20 20 10 00 03 25 78 
fd 4a fd 4a 00 00 26 78 fd 4a 41 28 00 20 00 00 
e5 38 00 62 00 30 00 66 00 64 00 0f 00 04 39 00 
31 00 63 00 30 00 36 00 00 00 00 00 ff ff ff ff 
e5 2d 00 34 00 32 00 37 00 31 00 0f 00 04 2d 00 
39 00 31 00 38 00 65 00 2d 00 00 00 62 00 36 00 
e5 66 00 62 00 61 00 37 00 33 00 0f 00 04 34 00 
37 00 62 00 2d 00 62 00 37 00 00 00 30 00 31 00 
e5 42 41 37 33 34 7e 31 20 20 20 10 00 8d 2d 78 
fd 4a fd 4a 00 00 2e 78 fd 4a 41 28 00 20 00 00 
e5 61 00 76 00 69 00 00 00 ff ff 0f 00 1e ff ff 
ff ff ff ff ff ff ff ff ff ff 00 00 ff ff ff ff 
e5 43 00 33 00 2e 00 48 00 45 00 0f 00 1e 4c 00 
4c 00 59 00 57 00 4f 00 4f 00 00 00 44 00 2e 00 
e5 2e 00 42 00 44 00 52 00 69 00 0f 00 1e 70 00 
2e 00 58 00 76 00 69 00 44 00 00 00 2e 00 41 00 
e5 64 00 72 00 65 00 6e 00 2e 00 0f 00 1e 32 00 
30 00 31 00 36 00 2e 00 52 00 00 00 55 00 53 00 
e5 50 00 65 00 63 00 75 00 6c 00 0f 00 1e 69 00 
61 00 72 00 2e 00 43 00 68 00 00 00 69 00 6c 00 
e5 65 00 27 00 73 00 2e 00 48 00 0f 00 1e 6f 00 
6d 00 65 00 2e 00 66 00 6f 00 00 00 72 00 2e 00 
e5 4d 00 69 00 73 00 73 00 2e 00 0f 00 1e 50 00 
65 00 72 00 65 00 67 00 72 00 00 00 69 00 6e 00 
e5 49 53 53 50 45 7e 31 41 56 49 20 00 80 0a 90 
05 4b 0c 4b 00 00 66 8d 05 4b 41 28 00 e0 53 8b 
e5 69 00 00 00 ff ff ff ff ff ff 0f 00 90 ff ff 
ff ff ff ff ff ff ff ff ff ff 00 00 ff ff ff ff 
e5 2e 00 2d 00 48 00 51 00 2d 00 0f 00 90 56 00 
69 00 44 00 45 00 4f 00 2e 00 00 00 61 00 76 00 
e5 44 00 52 00 69 00 70 00 2e 00 0f 00 90 58 00 
76 00 69 00 44 00 2e 00 41 00 00 00 43 00 33 00 
e5 79 00 61 00 2e 00 32 00 30 00 0f 00 90 31 00 
34 00 2e 00 52 00 55 00 53 00 00 00 2e 00 42 00 
e5 61 00 6e 00 2e 00 52 00 65 00 0f 00 90 76 00 
6f 00 6c 00 79 00 75 00 74 00 00 00 73 00 69 00 
e5 50 00 6c 00 61 00 6e 00 65 00 0f 00 90 74 00 
61 00 2e 00 4f 00 62 00 65 00 00 00 7a 00 79 00 
e5 4c 41 4e 45 54 7e 31 41 56 49 20 00 6d cb 94 
0c 4b 1a 4b 00 00 a5 94 0c 4b 02 00 00 e0 d0 8b 
e5 6e 00 6b 00 00 00 ff ff ff ff 0f 00 3d ff ff 
ff ff ff ff ff ff ff ff ff ff 00 00 ff ff ff ff 
e5 1d 04 3e 04 32 04 4b 04 39 04 0f 00 3d 20 00 
4f 04 40 04 3b 04 4b 04 3a 04 00 00 2e 00 6c 00 
e5 8e 82 9b 89 9f 7e 31 4c 4e 4b 20 00 53 8f 79 
1a 4b 1a 4b 00 00 90 79 1a 4b 00 00 00 00 00 00 
e5 6e 00 6b 00 00 00 ff ff ff ff 0f 00 3d ff ff 
ff ff ff ff ff ff ff ff ff ff 00 00 ff ff ff ff 
e5 1d 04 3e 04 32 04 4b 04 39 04 0f 00 3d 20 00 
4f 04 40 04 3b 04 4b 04 3a 04 00 00 2e 00 6c 00 
e5 8e 82 9b 89 9f 7e 31 4c 4e 4b 20 00 53 8f 79 
1a 4b 1a 4b 00 00 91 79 1a 4b 02 00 b6 00 00 00 
e5 54 00 4d 00 50 00 00 00 ff ff 0f 00 c4 ff ff 
ff ff ff ff ff ff ff ff ff ff 00 00 ff ff ff ff 
e5 6e 00 6b 00 7e 00 52 00 46 00 0f 00 c4 39 00 
35 00 35 00 65 00 34 00 63 00 00 00 33 00 2e 00 
e5 1d 04 3e 04 32 04 4b 04 39 04 0f 00 c4 20 00 
4f 04 40 04 3b 04 4b 04 3a 04 00 00 2e 00 6c 00 
e5 8e 82 9b 89 9f 7e 31 54 4d 50 22 00 84 8f 79 
1a 4b 1a 4b 00 00 90 79 1a 4b 00 00 00 00 00 00 
e5 54 00 4d 00 50 00 00 00 ff ff 0f 00 c4 ff ff 
ff ff ff ff ff ff ff ff ff ff 00 00 ff ff ff ff 
e5 6e 00 6b 00 7e 00 52 00 46 00 0f 00 c4 39 00 
35 00 35 00 65 00 34 00 63 00 00 00 33 00 2e 00 
e5 1d 04 3e 04 32 04 4b 04 39 04 0f 00 c4 20 00 
4f 04 40 04 3b 04 4b 04 3a 04 00 00 2e 00 6c 00 
e5 8e 82 9b 89 9f 7e 31 54 4d 50 20 00 53 8f 79 
1a 4b 1a 4b 00 00 90 79 1a 4b 00 00 00 00 00 00 
e5 1d 04 3e 04 32 04 30 04 4f 04 0f 00 ea 20 00 
3f 04 30 04 3f 04 3a 04 30 04 00 00 00 00 ff ff 
e5 8e 82 80 9f 8f 7e 31 20 20 20 10 00 84 91 79 
1a 4b 1a 4b 1b 00 92 79 1a 4b 02 00 00 00 00 00 
e5 3d 04 3a 04 30 04 00 00 ff ff 0f 00 84 ff ff 
ff ff ff ff ff ff ff ff ff ff 00 00 ff ff ff ff 
e5 11 04 3e 04 3b 04 4c 04 48 04 0f 00 84 30 04 
4f 04 20 00 3e 04 31 04 38 04 00 00 37 04 4f 04 
e5 8e 8b 9c 98 80 7e 31 20 20 20 10 00 84 91 79 
1a 4b 1a 4b 00 00 92 79 1a 4b 02 00 00 20 00 00 
e5 69 00 00 00 ff ff ff ff ff ff 0f 00 6b ff ff 
ff ff ff ff ff ff ff ff ff ff 00 00 ff ff ff ff 
e5 72 00 61 00 62 00 65 00 79 00 0f 00 6b 2e 00 
6f 00 72 00 67 00 5d 00 2e 00 00 00 61 00 76 00 
e5 5f 00 75 00 6e 00 72 00 5f 00 0f 00 6b 6d 00 
76 00 6f 00 5f 00 5b 00 73 00 00 00 63 00 61 00 
e5 5f 00 56 00 65 00 67 00 61 00 0f 00 6b 73 00 
65 00 5f 00 48 00 44 00 52 00 00 00 69 00 70 00 
e5 4d 00 61 00 6c 00 63 00 68 00 0f 00 6b 69 00 
73 00 68 00 6e 00 69 00 6b 00 00 00 5f 00 76 00 
e5 41 4c 43 48 49 7e 31 41 56 49 20 00 44 70 72 
4a 4c 4a 4c 00 00 d8 99 24 4c 02 00 00 08 d7 5c 
e5 61 00 76 00 69 00 00 00 ff ff 0f 00 26 ff ff 
ff ff ff ff ff ff ff ff ff ff 00 00 ff ff ff ff 
e5 48 00 64 00 52 00 69 00 70 00 0f 00 26 2e 00 
31 00 34 00 4f 00 4f 00 4d 00 00 00 42 00 2e 00 
e5 4a 00 31 00 42 00 30 00 65 00 0f 00 26 2e 00 
32 00 4f 00 31 00 37 00 2e 00 00 00 44 00 2e 00 
e5 31 42 30 45 32 7e 31 41 56 49 20 00 7b db 91 
51 4c 67 4c 00 00 a2 91 51 4c 03 00 00 c8 71 57 
e5 61 00 62 00 65 00 79 00 2e 00 0f 00 6b 6f 00 
72 00 67 00 5d 00 2e 00 61 00 00 00 76 00 69 00 
e5 65 00 5f 00 48 00 44 00 52 00 0f 00 6b 69 00 
70 00 5f 00 5b 00 73 00 63 00 00 00 61 00 72 00 
e5 6f 00 73 00 61 00 74 00 6f 00 0f 00 6b 79 00 
5f 00 70 00 69 00 7a 00 68 00 00 00 61 00 6d 00 
e5 4d 00 61 00 6c 00 63 00 68 00 0f 00 6b 69 00 
6b 00 5f 00 76 00 5f 00 70 00 00 00 6f 00 6c 00 
e5 41 4c 43 48 49 7e 31 41 56 49 20 00 4b f3 91 
51 4c 67 4c 00 00 eb 91 51 4c 32 87 00 e8 bf 5c 
e5 4f 00 4d 00 42 00 2e 00 61 00 0f 00 34 76 00 
69 00 00 00 ff ff ff ff ff ff 00 00 ff ff ff ff 
e5 37 00 2e 00 44 00 2e 00 48 00 0f 00 34 44 00 
52 00 69 00 70 00 2e 00 32 00 00 00 31 00 4f 00 
e5 46 00 65 00 72 00 64 00 69 00 0f 00 34 6e 00 
61 00 6e 00 64 00 2e 00 32 00 00 00 30 00 31 00 
e5 45 52 44 49 4e 7e 31 41 56 49 20 00 c7 19 aa 
67 4c 78 4c 00 00 1a a7 67 4c 02 00 00 a8 77 83 
e5 45 00 78 00 4b 00 69 00 6e 00 0f 00 28 6f 00 
52 00 61 00 79 00 2e 00 6d 00 00 00 6b 00 76 00 
e5 31 00 37 00 2e 00 42 00 44 00 0f 00 28 52 00 
69 00 70 00 2e 00 41 00 56 00 00 00 43 00 2e 00 
e5 46 00 6f 00 72 00 6d 00 61 00 0f 00 28 2e 00 
76 00 6f 00 64 00 79 00 2e 00 00 00 32 00 30 00 
e5 4f 52 4d 41 56 7e 31 4d 4b 56 20 00 b2 e4 88 
78 4c 78 4c 00 00 e8 88 78 4c 00 00 00 00 00 00 
e5 45 00 78 00 4b 00 69 00 6e 00 0f 00 28 6f 00 
52 00 61 00 79 00 2e 00 6d 00 00 00 6b 00 76 00 
e5 31 00 37 00 2e 00 42 00 44 00 0f 00 28 52 00 
69 00 70 00 2e 00 41 00 56 00 00 00 43 00 2e 00 
e5 46 00 6f 00 72 00 6d 00 61 00 0f 00 28 2e 00 
76 00 6f 00 64 00 79 00 2e 00 00 00 32 00 30 00 
e5 4f 52 4d 41 56 7e 31 4d 4b 56 20 00 b2 e4 88 
78 4c 87 4c 00 00 b5 88 78 4c 02 00 e0 60 3f a2 
e5 76 00 69 00 00 00 ff ff ff ff 0f 00 9d ff ff 
ff ff ff ff ff ff ff ff ff ff 00 00 ff ff ff ff 
e5 61 00 6e 00 43 00 75 00 74 00 0f 00 9d 29 00 
48 00 44 00 52 00 69 00 70 00 00 00 2e 00 61 00 
e5 31 00 32 00 29 00 28 00 45 00 0f 00 9d 78 00 
74 00 65 00 6e 00 64 00 65 00 00 00 64 00 46 00 
e5 50 00 72 00 6f 00 6d 00 65 00 0f 00 9d 74 00 
68 00 65 00 75 00 73 00 28 00 00 00 32 00 30 00 
e5 52 4f 4d 45 54 7e 31 41 56 49 20 00 bf 1d 7f 
87 4c 87 4c 00 00 3b 7e 87 4c 02 00 00 70 cf 8b 
e5 4f 00 44 00 2e 00 6d 00 6b 00 0f 00 ff 76 00 
00 00 ff ff ff ff ff ff ff ff 00 00 ff ff ff ff 
e5 78 00 32 00 36 00 34 00 2e 00 0f 00 ff 2d 00 
48 00 45 00 4c 00 4c 00 59 00 00 00 57 00 4f 00 
e5 35 00 2e 00 44 00 55 00 41 00 0f 00 ff 4c 00 
2e 00 42 00 44 00 52 00 69 00 00 00 70 00 2e 00 
e5 56 00 73 00 79 00 6f 00 2e 00 0f 00 ff 4d 00 
6f 00 67 00 75 00 2e 00 32 00 00 00 30 00 31 00 
e5 53 59 4f 4d 4f 7e 31 4d 4b 56 20 00 ba 0d a9 
87 4c 9d 4c 00 00 92 a5 87 4c 41 13 ed 31 24 89 
56 45 52 31 5f 31 5f 30 20 20 20 10 08 4b 91 68 
8d 4c cd 4c 09 00 92 68 8d 4c 40 32 00 00 00 00 
e5 34 00 4f 00 4f 00 4d 00 42 00 0f 00 1c 2e 00 
61 00 76 00 69 00 00 00 ff ff 00 00 ff ff ff ff 
e5 4f 00 31 00 37 00 2e 00 44 00 0f 00 1c 2e 00 
48 00 44 00 52 00 69 00 70 00 00 00 2e 00 31 00 
e5 4f 00 64 00 61 00 72 00 45 00 0f 00 1c 6e 00 
6e 00 6e 00 61 00 79 00 61 00 00 00 2e 00 32 00 
e5 44 41 52 45 4e 7e 31 41 56 49 20 00 14 ca 8e 
95 4c 9d 4c 00 00 9d 8e 95 4c 12 37 00 e8 42 5d 
e5 61 00 50 00 65 00 65 00 72 00 0f 00 b4 2e 00 
61 00 76 00 69 00 00 00 ff ff 00 00 ff ff ff ff 
e5 2e 00 34 00 36 00 47 00 62 00 0f 00 b4 2e 00 
44 00 75 00 62 00 2e 00 4d 00 00 00 65 00 67 00 
e5 2e 00 32 00 30 00 31 00 37 00 0f 00 b4 2e 00 
42 00 44 00 52 00 69 00 70 00 00 00 2e 00 31 00 
e5 53 00 65 00 76 00 65 00 6e 00 0f 00 b4 2e 00 
53 00 69 00 73 00 74 00 65 00 00 00 72 00 73 00 
e5 45 56 45 4e 53 7e 31 41 56 49 20 00 4e b2 92 
9d 4c a5 4c 00 00 14 90 9d 4c 02 00 00 58 79 5d 
e5 65 00 67 00 61 00 50 00 65 00 0f 00 78 65 00 
72 00 2e 00 61 00 76 00 69 00 00 00 00 00 ff ff 
e5 2e 00 31 00 2e 00 34 00 36 00 0f 00 78 47 00 
62 00 2e 00 44 00 75 00 62 00 00 00 2e 00 4d 00 
e5 2e 00 33 00 2e 00 32 00 30 00 0f 00 78 31 00 
37 00 2e 00 42 00 44 00 52 00 00 00 69 00 70 00 
e5 44 00 65 00 73 00 70 00 69 00 0f 00 78 63 00 
61 00 62 00 6c 00 65 00 2e 00 00 00 4d 00 65 00 
e5 45 53 50 49 43 7e 31 41 56 49 20 00 14 59 96 
a5 4c ba 4c 00 00 e1 93 a5 4c 03 00 00 c8 80 5d 
43 65 00 72 00 5f 00 6c 00 65 00 0f 00 de 78 00 
2e 00 61 00 76 00 69 00 00 00 00 00 ff ff ff ff 
02 2e 00 48 00 44 00 54 00 56 00 0f 00 de 52 00 
69 00 70 00 2e 00 64 00 65 00 00 00 78 00 74 00 
01 4a 00 75 00 69 00 2e 00 6b 00 0f 00 de 75 00 
65 00 6e 00 2e 00 31 00 39 00 00 00 37 00 38 00 
4a 55 49 4b 55 45 7e 31 41 56 49 20 00 24 58 81 
ba 4c cd 4c 10 00 40 81 ba 4c 41 13 00 c0 68 5d 
46 37 00 74 00 65 00 72 00 2e 00 0f 00 91 61 00 
76 00 69 00 00 00 ff ff ff ff 00 00 ff ff ff ff 
05 67 00 61 00 50 00 65 00 65 00 0f 00 91 72 00 
5f 00 62 00 79 00 5f 00 54 00 00 00 77 00 69 00 
04 52 00 69 00 70 00 2e 00 31 00 0f 00 91 2e 00 
34 00 35 00 47 00 62 00 5f 00 00 00 4d 00 65 00 
03 35 00 2e 00 44 00 2e 00 4c 00 0f 00 91 69 00 
6e 00 65 00 2e 00 48 00 44 00 00 00 54 00 56 00 
02 6e 00 69 00 6b 00 75 00 6c 00 0f 00 91 61 00 
68 00 2e 00 32 00 2e 00 32 00 00 00 30 00 31 00 
01 4d 00 6f 00 6e 00 73 00 74 00 0f 00 91 72 00 
79 00 2e 00 6e 00 61 00 2e 00 00 00 6b 00 61 00 
4d 4f 4e 53 54 52 7e 31 41 56 49 20 00 08 4d a2 
ca 4c cd 4c 00 00 f0 93 ca 4c 03 1c 00 40 e1 5c 
e5 1d 04 3e 04 32 04 30 04 4f 04 0f 00 ea 20 00 
3f 04 30 04 3f 04 3a 04 30 04 00 00 00 00 ff ff 
e5 8e 82 80 9f 8f 7e 31 20 20 20 10 00 ae ca 51 
cd 4c cd 4c 0b 00 cb 51 cd 4c 02 00 00 00 00 00 
52 48 49 4e 4f 20 20 20 20 20 20 10 08 ae ca 51 
cd 4c cd 4c 0b 00 cb 51 cd 4c 02 00 00 00 00 00 
e5 66 00 54 00 65 00 73 00 74 00 0f 00 49 2e 00 
74 00 6d 00 70 00 00 00 ff ff 00 00 ff ff ff ff 
e5 52 00 65 00 61 00 64 00 79 00 0f 00 49 42 00 
6f 00 6f 00 73 00 74 00 50 00 00 00 65 00 72 00 
e5 45 41 44 59 42 7e 31 54 4d 50 20 00 0b ae 62 
cd 4c cd 4c 00 00 b1 62 cd 4c d2 00 00 00 80 00 
e5 41 4c 4c 20 20 20 20 4d 50 34 20 18 bc 69 81 
cd 4c cd 4c 00 00 ee b8 cc 4c d2 00 61 cd 19 00 
52 45 43 4d 45 20 20 20 54 58 54 20 18 38 fc 94 
cd 4c cd 4c 0b 00 f8 94 cd 4c a1 01 26 00 00 00 
00 00 00 00 00 00 00 00 00 00 00 00 00 00 00 00 
00 00 00 00 00 00 00 00 00 00 00 00 00 00 00 00 
00 00 00 00 00 00 00 00 00 00 00 00 00 00 00 00 
00 00 00 00 00 00 00 00 00 00 00 00 00 00 00 00 
00 00 00 00 00 00 00 00 00 00 00 00 00 00 00 00 
00 00 00 00 00 00 00 00 00 00 00 00 00 00 00 00 
00 00 00 00 00 00 00 00 00 00 00 00 00 00 00 00 
00 00 00 00 00 00 00 00 00 00 00 00 00 00 00 00 
00 00 00 00 00 00 00 00 00 00 00 00 00 00 00 00 
00 00 00 00 00 00 00 00 00 00 00 00 00 00 00 00 
00 00 00 00 00 00 00 00 00 00 00 00 00 00 00 00 
00 00 00 00 00 00 00 00 00 00 00 00 00 00 00 00 
00 00 00 00 00 00 00 00 00 00 00 00 00 00 00 00 
00 00 00 00 00 00 00 00 00 00 00 00 00 00 00 00 
00 00 00 00 00 00 00 00 00 00 00 00 00 00 00 00 
00 00 00 00 00 00 00 00 00 00 00 00 00 00 00 00 
00 00 00 00 00 00 00 00 00 00 00 00 00 00 00 00 
00 00 00 00 00 00 00 00 00 00 00 00 00 00 00 00 
00 00 00 00 00 00 00 00 00 00 00 00 00 00 00 00 
00 00 00 00 00 00 00 00 00 00 00 00 00 00 00 00 
00 00 00 00 00 00 00 00 00 00 00 00 00 00 00 00 
00 00 00 00 00 00 00 00 00 00 00 00 00 00 00 00 
00 00 00 00 00 00 00 00 00 00 00 00 00 00 00 00 
00 00 00 00 00 00 00 00 00 00 00 00 00 00 00 00 
00 00 00 00 00 00 00 00 00 00 00 00 00 00 00 00 
00 00 00 00 00 00 00 00 00 00 00 00 00 00 00 00 
00 00 00 00 00 00 00 00 00 00 00 00 00 00 00 00 
00 00 00 00 00 00 00 00 00 00 00 00 00 00 00 00 
00 00 00 00 00 00 00 00 00 00 00 00 00 00 00 00 
00 00 00 00 00 00 00 00 00 00 00 00 00 00 00 00 
00 00 00 00 00 00 00 00 00 00 00 00 00 00 00 00 
00 00 00 00 00 00 00 00 00 00 00 00 00 00 00 00 
00 00 00 00 00 00 00 00 00 00 00 00 00 00 00 00 
00 00 00 00 00 00 00 00 00 00 00 00 00 00 00 00 
00 00 00 00 00 00 00 00 00 00 00 00 00 00 00 00 
00 00 00 00 00 00 00 00 00 00 00 00 00 00 00 00 
00 00 00 00 00 00 00 00 00 00 00 00 00 00 00 00 
00 00 00 00 00 00 00 00 00 00 00 00 00 00 00 00 
00 00 00 00 00 00 00 00 00 00 00 00 00 00 00 00 
00 00 00 00 00 00 00 00 00 00 00 00 00 00 00 00 
00 00 00 00 00 00 00 00 00 00 00 00 00 00 00 00 
00 00 00 00 00 00 00 00 00 00 00 00 00 00 00 00 
00 00 00 00 00 00 00 00 00 00 00 00 00 00 00 00 
00 00 00 00 00 00 00 00 00 00 00 00 00 00 00 00 
00 00 00 00 00 00 00 00 00 00 00 00 00 00 00 00 
00 00 00 00 00 00 00 00 00 00 00 00 00 00 00 00 
00 00 00 00 00 00 00 00 00 00 00 00 00 00 00 00 
00 00 00 00 00 00 00 00 00 00 00 00 00 00 00 00 
00 00 00 00 00 00 00 00 00 00 00 00 00 00 00 00 
00 00 00 00 00 00 00 00 00 00 00 00 00 00 00 00 
00 00 00 00 00 00 00 00 00 00 00 00 00 00 00 00 
00 00 00 00 00 00 00 00 00 00 00 00 00 00 00 00 
00 00 00 00 00 00 00 00 00 00 00 00 00 00 00 00 
00 00 00 00 00 00 00 00 00 00 00 00 00 00 00 00 
00 00 00 00 00 00 00 00 00 00 00 00 00 00 00 00 
00 00 00 00 00 00 00 00 00 00 00 00 00 00 00 00 
00 00 00 00 00 00 00 00 00 00 00 00 00 00 00 00 
00 00 00 00 00 00 00 00 00 00 00 00 00 00 00 00 
00 00 00 00 00 00 00 00 00 00 00 00 00 00 00 00 
00 00 00 00 00 00 00 00 00 00 00 00 00 00 00 00 
00 00 00 00 00 00 00 00 00 00 00 00 00 00 00 00 
00 00 00 00 00 00 00 00 00 00 00 00 00 00 00 00 
00 00 00 00 00 00 00 00 00 00 00 00 00 00 00 00 
00 00 00 00 00 00 00 00 00 00 00 00 00 00 00 00 
00 00 00 00 00 00 00 00 00 00 00 00 00 00 00 00 
00 00 00 00 00 00 00 00 00 00 00 00 00 00 00 00 
00 00 00 00 00 00 00 00 00 00 00 00 00 00 00 00 
00 00 00 00 00 00 00 00 00 00 00 00 00 00 00 00 
00 00 00 00 00 00 00 00 00 00 00 00 00 00 00 00 
00 00 00 00 00 00 00 00 00 00 00 00 00 00 00 00 
00 00 00 00 00 00 00 00 00 00 00 00 00 00 00 00 
00 00 00 00 00 00 00 00 00 00 00 00 00 00 00 00 
00 00 00 00 00 00 00 00 00 00 00 00 00 00 00 00 
00 00 00 00 00 00 00 00 00 00 00 00 00 00 00 00 
00 00 00 00 00 00 00 00 00 00 00 00 00 00 00 00 
00 00 00 00 00 00 00 00 00 00 00 00 00 00 00 00 
00 00 00 00 00 00 00 00 00 00 00 00 00 00 00 00 
00 00 00 00 00 00 00 00 00 00 00 00 00 00 00 00 
00 00 00 00 00 00 00 00 00 00 00 00 00 00 00 00 
00 00 00 00 00 00 00 00 00 00 00 00 00 00 00 00 
00 00 00 00 00 00 00 00 00 00 00 00 00 00 00 00 
00 00 00 00 00 00 00 00 00 00 00 00 00 00 00 00 
00 00 00 00 00 00 00 00 00 00 00 00 00 00 00 00 
00 00 00 00 00 00 00 00 00 00 00 00 00 00 00 00 
00 00 00 00 00 00 00 00 00 00 00 00 00 00 00 00 
00 00 00 00 00 00 00 00 00 00 00 00 00 00 00 00 
00 00 00 00 00 00 00 00 00 00 00 00 00 00 00 00 
00 00 00 00 00 00 00 00 00 00 00 00 00 00 00 00 
00 00 00 00 00 00 00 00 00 00 00 00 00 00 00 00 
00 00 00 00 00 00 00 00 00 00 00 00 00 00 00 00 
00 00 00 00 00 00 00 00 00 00 00 00 00 00 00 00 
00 00 00 00 00 00 00 00 00 00 00 00 00 00 00 00 
00 00 00 00 00 00 00 00 00 00 00 00 00 00 00 00 
00 00 00 00 00 00 00 00 00 00 00 00 00 00 00 00 
00 00 00 00 00 00 00 00 00 00 00 00 00 00 00 00 
00 00 00 00 00 00 00 00 00 00 00 00 00 00 00 00 
00 00 00 00 00 00 00 00 00 00 00 00 00 00 00 00 
00 00 00 00 00 00 00 00 00 00 00 00 00 00 00 00 
00 00 00 00 00 00 00 00 00 00 00 00 00 00 00 00 
00 00 00 00 00 00 00 00 00 00 00 00 00 00 00 00 
00 00 00 00 00 00 00 00 00 00 00 00 00 00 00 00 
00 00 00 00 00 00 00 00 00 00 00 00 00 00 00 00 
00 00 00 00 00 00 00 00 00 00 00 00 00 00 00 00 
00 00 00 00 00 00 00 00 00 00 00 00 00 00 00 00 
00 00 00 00 00 00 00 00 00 00 00 00 00 00 00 00 
00 00 00 00 00 00 00 00 00 00 00 00 00 00 00 00 
00 00 00 00 00 00 00 00 00 00 00 00 00 00 00 00 
00 00 00 00 00 00 00 00 00 00 00 00 00 00 00 00 
00 00 00 00 00 00 00 00 00 00 00 00 00 00 00 00 
00 00 00 00 00 00 00 00 00 00 00 00 00 00 00 00 
00 00 00 00 00 00 00 00 00 00 00 00 00 00 00 00 
00 00 00 00 00 00 00 00 00 00 00 00 00 00 00 00 
00 00 00 00 00 00 00 00 00 00 00 00 00 00 00 00 
00 00 00 00 00 00 00 00 00 00 00 00 00 00 00 00 
00 00 00 00 00 00 00 00 00 00 00 00 00 00 00 00 
00 00 00 00 00 00 00 00 00 00 00 00 00 00 00 00 
00 00 00 00 00 00 00 00 00 00 00 00 00 00 00 00 
00 00 00 00 00 00 00 00 00 00 00 00 00 00 00 00 
00 00 00 00 00 00 00 00 00 00 00 00 00 00 00 00 
00 00 00 00 00 00 00 00 00 00 00 00 00 00 00 00 
00 00 00 00 00 00 00 00 00 00 00 00 00 00 00 00 
00 00 00 00 00 00 00 00 00 00 00 00 00 00 00 00 
00 00 00 00 00 00 00 00 00 00 00 00 00 00 00 00 
00 00 00 00 00 00 00 00 00 00 00 00 00 00 00 00 
00 00 00 00 00 00 00 00 00 00 00 00 00 00 00 00 
00 00 00 00 00 00 00 00 00 00 00 00 00 00 00 00 
00 00 00 00 00 00 00 00 00 00 00 00 00 00 00 00 
00 00 00 00 00 00 00 00 00 00 00 00 00 00 00 00 
00 00 00 00 00 00 00 00 00 00 00 00 00 00 00 00 
00 00 00 00 00 00 00 00 00 00 00 00 00 00 00 00 
00 00 00 00 00 00 00 00 00 00 00 00 00 00 00 00 
00 00 00 00 00 00 00 00 00 00 00 00 00 00 00 00 
00 00 00 00 00 00 00 00 00 00 00 00 00 00 00 00 
00 00 00 00 00 00 00 00 00 00 00 00 00 00 00 00 
00 00 00 00 00 00 00 00 00 00 00 00 00 00 00 00 
00 00 00 00 00 00 00 00 00 00 00 00 00 00 00 00 
00 00 00 00 00 00 00 00 00 00 00 00 00 00 00 00 
00 00 00 00 00 00 00 00 00 00 00 00 00 00 00 00 
00 00 00 00 00 00 00 00 00 00 00 00 00 00 00 00 
00 00 00 00 00 00 00 00 00 00 00 00 00 00 00 00 
00 00 00 00 00 00 00 00 00 00 00 00 00 00 00 00 
00 00 00 00 00 00 00 00 00 00 00 00 00 00 00 00 
00 00 00 00 00 00 00 00 00 00 00 00 00 00 00 00 
00 00 00 00 00 00 00 00 00 00 00 00 00 00 00 00 
00 00 00 00 00 00 00 00 00 00 00 00 00 00 00 00 
00 00 00 00 00 00 00 00 00 00 00 00 00 00 00 00 
00 00 00 00 00 00 00 00 00 00 00 00 00 00 00 00 
00 00 00 00 00 00 00 00 00 00 00 00 00 00 00 00 
00 00 00 00 00 00 00 00 00 00 00 00 00 00 00 00 
00 00 00 00 00 00 00 00 00 00 00 00 00 00 00 00 
00 00 00 00 00 00 00 00 00 00 00 00 00 00 00 00 
00 00 00 00 00 00 00 00 00 00 00 00 00 00 00 00 
00 00 00 00 00 00 00 00 00 00 00 00 00 00 00 00 
00 00 00 00 00 00 00 00 00 00 00 00 00 00 00 00 
00 00 00 00 00 00 00 00 00 00 00 00 00 00 00 00 
00 00 00 00 00 00 00 00 00 00 00 00 00 00 00 00 
00 00 00 00 00 00 00 00 00 00 00 00 00 00 00 00 
00 00 00 00 00 00 00 00 00 00 00 00 00 00 00 00 
00 00 00 00 00 00 00 00 00 00 00 00 00 00 00 00 
00 00 00 00 00 00 00 00 00 00 00 00 00 00 00 00 
00 00 00 00 00 00 00 00 00 00 00 00 00 00 00 00 
00 00 00 00 00 00 00 00 00 00 00 00 00 00 00 00 
00 00 00 00 00 00 00 00 00 00 00 00 00 00 00 00 
00 00 00 00 00 00 00 00 00 00 00 00 00 00 00 00 
00 00 00 00 00 00 00 00 00 00 00 00 00 00 00 00 
00 00 00 00 00 00 00 00 00 00 00 00 00 00 00 00 
00 00 00 00 00 00 00 00 00 00 00 00 00 00 00 00 
00 00 00 00 00 00 00 00 00 00 00 00 00 00 00 00 
00 00 00 00 00 00 00 00 00 00 00 00 00 00 00 00 
00 00 00 00 00 00 00 00 00 00 00 00 00 00 00 00 
00 00 00 00 00 00 00 00 00 00 00 00 00 00 00 00 
00 00 00 00 00 00 00 00 00 00 00 00 00 00 00 00 
00 00 00 00 00 00 00 00 00 00 00 00 00 00 00 00 
00 00 00 00 00 00 00 00 00 00 00 00 00 00 00 00 
00 00 00 00 00 00 00 00 00 00 00 00 00 00 00 00 
00 00 00 00 00 00 00 00 00 00 00 00 00 00 00 00 
00 00 00 00 00 00 00 00 00 00 00 00 00 00 00 00 
00 00 00 00 00 00 00 00 00 00 00 00 00 00 00 00 
00 00 00 00 00 00 00 00 00 00 00 00 00 00 00 00 
00 00 00 00 00 00 00 00 00 00 00 00 00 00 00 00 
00 00 00 00 00 00 00 00 00 00 00 00 00 00 00 00 
00 00 00 00 00 00 00 00 00 00 00 00 00 00 00 00 
00 00 00 00 00 00 00 00 00 00 00 00 00 00 00 00 
00 00 00 00 00 00 00 00 00 00 00 00 00 00 00 00 
00 00 00 00 00 00 00 00 00 00 00 00 00 00 00 00 
00 00 00 00 00 00 00 00 00 00 00 00 00 00 00 00 
00 00 00 00 00 00 00 00 00 00 00 00 00 00 00 00 
00 00 00 00 00 00 00 00 00 00 00 00 00 00 00 00 
00 00 00 00 00 00 00 00 00 00 00 00 00 00 00 00 
00 00 00 00 00 00 00 00 00 00 00 00 00 00 00 00 
00 00 00 00 00 00 00 00 00 00 00 00 00 00 00 00 
00 00 00 00 00 00 00 00 00 00 00 00 00 00 00 00 
00 00 00 00 00 00 00 00 00 00 00 00 00 00 00 00 
00 00 00 00 00 00 00 00 00 00 00 00 00 00 00 00 
00 00 00 00 00 00 00 00 00 00 00 00 00 00 00 00 
00 00 00 00 00 00 00 00 00 00 00 00 00 00 00 00 
00 00 00 00 00 00 00 00 00 00 00 00 00 00 00 00 
00 00 00 00 00 00 00 00 00 00 00 00 00 00 00 00 
00 00 00 00 00 00 00 00 00 00 00 00 00 00 00 00 
00 00 00 00 00 00 00 00 00 00 00 00 00 00 00 00 
00 00 00 00 00 00 00 00 00 00 00 00 00 00 00 00 
00 00 00 00 00 00 00 00 00 00 00 00 00 00 00 00 
00 00 00 00 00 00 00 00 00 00 00 00 00 00 00 00 
00 00 00 00 00 00 00 00 00 00 00 00 00 00 00 00 
